100010358
100157734
100266028
100734494
101371758
102411092
102708996
102900042
103433292
103824116
104597236
104671659
105338846
107501025
107608513
107744105
108204319
108417883
108768434
109107796
110509182
110753778
111519141
111977022
112287076
112309508
112603728
11345870
113695772
114409855
114614199
115206891
115757676
11583121
115869592
116352294
11746612
118139350
119243391
119399704
120235350
120696199
120856243
121407665
121938655
121982154
122105284
122393910
123326355
123366149
123955010
124495518
125002495
126029011
126557924
126773308
12685650
12724131
127796655
128695371
129462619
12960569
129866743
129938924
130338256
130520225
130812341
130964913
131076351
131172920
131287691
131501474
131792495
132758263
132765406
133039580
133527933
13505510
13516353
135721339
135732418
135874152
136793368
136815734
137382046
139508400
13982413
141565974
141772013
141849460
141978912
142643151
142952413
143139960
143248646
143260292
143316772
143355497
143365463
143747009
144059487
144368209
144869501
145036513
145504616
145692741
1465478
146548728
146813109
148159663
148198403
149063346
149900587
150224341
150487196
15124313
151826790
152034727
152678857
153618444
15386683
153894920
154055872
154129064
154448750
154579743
155135211
155810079
156473520
157421480
158198329
15862591
159082589
159602281
160643942
160961071
161211737
162240450
162279757
162820491
163961608
164021759
165111631
165320278
165834900
167597926
167729880
168297516
168908944
169358859
169913823
170188864
17072165
170929879
171617971
171939597
172068672
173246043
174657610
176640946
176774444
176980803
17719452
177230745
177551953
177792613
178037406
17892784
179071714
179963793
180303080
180593370
180933725
181499134
181558936
182234405
182648350
183076731
184014710
184339272
186009776
186137889
186176511
186579842
186909433
187111603
187303370
187820280
187870753
188270946
188296472
189216846
18949526
190768162
190924508
191682761
191770791
192952983
193353862
193595715
193772786
194751221
195363165
19624148
197224539
197268330
197357943
197406610
198200154
1998542
200084399
20048532
200682966
201203559
201214310
201927123
202088689
202212787
202265087
202436259
202463087
203112156
203304863
203612989
204559588
204971924
205319255
206660724
206827111
20713967
207218740
208945277
209227291
210955553
211454391
212730637
212884866
213716420
214426730
214563667
214689710
214913996
215405677
215553397
215625399
217018812
217557003
218334213
218339020
218353273
218712549
218841127
219251706
2199662
220417193
220776379
221011282
221650592
22165975
222158707
222708264
223208221
223259839
22459996
224716310
224854526
225218152
225635619
225643317
225964237
227329964
227506236
227737499
228053071
228402517
228928104
229160683
230283451
231795078
232344873
234521659
234983485
235806863
236070576
236919771
237946856
239715457
239774784
240360717
241626772
241922649
241936810
242565832
242968102
243165377
243831335
243912924
244480775
244507271
245513294
246105342
246245892
246979914
246985257
247228804
247318276
247344364
247458461
247564190
247649987
247778774
247849754
248456037
248586949
249555710
249659806
249951413
251278754
25163182
25233349
25292772
253103305
253113050
253300271
253628161
253665226
253704963
253832815
254394726
254535513
254749987
255180191
255630533
257078664
2570940
257136415
257515072
257931019
258206545
258255253
258349315
258503395
25914983
25969243
259949001
260609546
260726681
26089181
261529670
26154565
262585504
263028827
263189006
263363186
263385431
263594002
263607929
26376313
263836337
264124689
264129778
264833203
26513815
2666221
267537055
26914243
270318540
270565522
270628058
271106857
271782435
271795482
272136356
272591032
27283661
273003563
273398981
273772531
274497813
274656716
274916561
274928841
276640492
276712180
277399451
27820890
27864168
278984628
279296211
279311978
279361739
279752498
279972035
280430340
280585067
282535453
28354281
28362910
284425873
284760248
285419295
286429080
286609186
286609734
287068171
288294555
288354493
288557819
288744156
288873090
289380052
289587921
28976892
289835270
291146235
291528727
291748927
292709587
292870648
292947438
293401422
293573519
293696684
29386437
294309322
294978363
295509616
296042567
29627643
296300823
296375164
296630840
296687772
296793378
29700176
30019685
300814608
300891965
301605159
301927651
302029362
302598541
30293045
302984224
303139574
303801934
303997140
304203496
304832167
30495541
305043637
306039263
306371802
306421023
30642816
306616078
306944996
307284666
307881719
309190378
309341981
310415451
311365901
311547487
311727211
312712764
312806819
31286552
313202151
314220552
314323904
314330631
314605505
314895861
315085364
315854171
317004261
319107450
32011093
321023671
321035040
321222151
321656392
321705079
321978639
322270452
323085992
324379602
324447094
325453232
325676837
325897903
326447951
327137575
32713882
327380079
327502082
327814402
328242737
328365570
328383399
330035402
330036012
330128782
330157257
33021596
331362891
331665935
331704303
331752702
331885947
332196595
33316427
333210621
333292022
333659939
334061049
334815607
335071242
335394906
33631286
336378398
33645127
337993103
338287471
338989659
339918450
340379762
340397951
340672948
340764863
340958828
341332322
342959419
342995451
343030345
343116694
343813994
344185584
3445095
345327393
345696376
345887146
346023880
346637282
347290697
347339433
347508156
348637732
348827473
348945861
349337076
349424611
350419518
350949448
350965004
351263340
351287029
351448072
351464054
351464563
351509353
351522223
351594355
351844821
352298965
352840184
353320085
353736921
354027389
35440016
355369996
35627094
356354398
356773274
358392760
358975230
360261093
360506555
362172569
362504346
362884445
363379525
363563145
364359984
364477074
36486364
3650801
365172449
365246186
365990635
366585647
366655681
366686622
366747485
367004214
367624078
367631059
368264548
368595711
370079922
370182752
370291367
370553369
370607106
370653475
370831142
371251202
372044775
372362232
372404917
372599735
372868563
373056295
373056881
37319980
373742200
373952249
374316567
374671626
375027865
375076368
3756764
376050697
376189934
376698659
377803417
37813861
378431411
379233973
379596321
379713891
380234615
380300239
381585883
381765565
382028973
383528542
383858662
384226534
384390604
385506090
386462077
387163933
387608308
38789976
38866321
389266882
389475590
389646126
391278810
391407074
391417744
391460168
391475152
392589852
394126377
395349588
397168595
397775097
398101764
398766350
398960059
399012740
399294517
399745851
401098228
401168329
401321564
402519874
402794182
403018955
403215431
40496355
405045907
40528580
405494941
40595185
406383847
406608299
407187576
407431621
407982957
408033343
408171313
408321493
408445280
408932361
409803019
410884819
411347401
411354303
411744883
412326313
412485382
412846421
414502927
41454306
414601593
414786915
414853111
41486821
414964279
416133523
416251440
416277443
416590513
417776680
41785007
418062193
418173416
419203891
41927107
419372497
419791607
420311015
420468181
42076306
421812363
422061003
42266979
423017367
423358272
423846130
424244401
424335416
425437254
426102667
426530593
426658698
426663904
426778665
427684728
428909948
429032834
429619502
429863749
429887699
431009781
431862938
431866789
432258224
432447876
4327307
432785807
433008215
433379306
434253675
434513968
435441819
435607842
436098652
43642042
436723683
43696426
437148541
437181405
437209030
437393422
437781800
43811104
438415704
440515730
441350630
441360335
442138097
442481735
442606345
442639291
442918648
444572571
444776994
445016143
447937543
448123794
448570589
448700783
448799002
449306784
450250911
450726409
451411063
451978934
452095046
452372660
452807391
452946097
453612771
454006887
454036043
455122227
455515001
455851038
455971074
456107825
456757095
456772667
457433778
457439738
457791078
458566693
45867057
458950870
459960718
46150692
461623279
462621239
463415836
464172457
4653206
465465966
465481888
466008810
466261204
466773998
467428188
46786289
468979382
469119023
469853383
470227757
47048052
471995956
472310594
473271256
473331029
473345700
473706205
473714578
473838432
473940801
474702167
4750775
475223461
475254910
47538312
475842104
476366020
476559837
478497296
478689517
478998518
479015388
479279156
479636295
479676959
480250477
480750259
481039521
481219191
481394271
482770728
482802626
482803889
482851695
482862952
483168353
483258790
483970799
48413786
484376711
48448229
48485843
485078018
485083445
485132269
486143630
486371043
486382623
486445659
486769693
487051327
48735423
489874308
489874810
490342037
490443714
490647225
491555934
492050792
492404858
492820806
493199658
493283925
494691820
494709799
494791720
496986591
497917562
49802042
498095483
49866990
498705355
498781193
498893264
498958047
498976602
499556717
501315700
501583936
50334189
504449930
505504366
50566881
505958600
506421226
506513942
506517246
506560656
506865449
507678150
507729267
508499146
508502327
508943823
509847805
509858273
510244478
510633463
51142091
511725920
51204529
512069963
512102561
512418076
513289121
513400727
513453400
513520770
513811332
514199966
514331619
514537739
515393739
515435236
515806711
515933061
516196739
516312487
517833464
518088261
518149164
518187883
520689676
521550090
522336074
522835616
52290590
523002436
523522180
523551346
523631069
523717931
52497738
525132226
525392046
526800047
527310965
528245153
528383243
528471226
52955078
530090274
532928742
533919630
534300743
53474624
53497929
535038053
53508216
535287988
535335492
535794369
535837818
535890821
536199112
536991322
537258018
537410974
53761024
537974572
539158938
539462407
539747014
540149084
54028657
541119716
541546013
541799151
542973129
544145385
544246821
544980705
545365690
545626442
545732445
546482302
54754613
547562192
54818555
548230650
548350483
549177114
55041456
550639677
550667040
550706206
552188471
552377378
55320964
553390443
553703097
553895904
553900717
554912115
555009383
556084267
556655701
556841917
55738864
557481930
55754917
559325794
559371477
559507161
559737870
561299898
561422669
562386038
562492547
562590258
564535881
564786167
565045249
565842551
566118502
566678855
567973436
568783266
569718325
569782569
570124138
57039762
570451091
570841306
571403479
571695517
572088966
573034910
57463193
574632102
574827947
574848830
575235477
576315191
57673723
576766065
577113630
577359269
577872139
578585664
57864546
579177616
579272095
579661363
580580710
581420170
581532421
581703291
582323564
582324438
582541663
582746902
583051591
583070392
583084506
583115083
583404809
58455726
584646448
584807622
584972966
585115096
58533697
585558962
585656668
585688605
586270437
586306138
586364205
58661710
587088329
58716866
587704052
588057753
588241014
588866100
589464928
58946522
590480721
59089491
590998215
591256044
591683878
594500424
594606621
594663773
594843916
595595198
596198478
59667848
596951919
597018811
597614487
59787878
598759685
598909342
598926793
599708462
599758816
600401646
600448378
600822290
600854657
601066264
601188383
602442077
603081903
603081959
603632463
603885119
605118135
60512631
605153267
605684815
605855446
605863994
606221454
607261856
608565694
608714750
608806088
609033388
609320178
610101895
610302299
610361819
611150914
611329488
61165175
613019778
613281125
613782173
614041441
615213271
615468670
615748018
61591659
616030087
616110630
617258191
61733600
617873378
618706037
619120780
619476772
62065564
621233575
621456430
621595179
621946947
62213855
622477441
62305950
623078954
623190523
624926803
626105313
626646930
62712978
628280652
628389384
628694040
629761692
631012567
631076050
63158380
632341866
632682866
632881404
632918082
633217262
63321947
633400988
633951373
63435562
634512889
635298112
635463318
63598821
636520501
636672697
637125547
637549446
639398916
640248529
640466068
640693377
640696881
640736616
641034998
641697131
641768379
643820840
644010720
644753140
645584384
645905473
646414752
648329487
649088416
649269427
64992492
650195393
651335923
651472308
651798393
652642782
652736822
652860791
653405867
653451700
655093763
655150242
65616540
6591720
659671336
659747921
660050503
660221752
660675644
660730392
662721671
664306627
664660198
665333243
665595843
665744845
665844371
665994952
666012189
666081750
666918623
667176777
667531323
667862256
668047314
668441756
668804921
669714480
669796959
670331756
67087290
671294199
671969224
671971668
672191079
672297379
672871933
673346301
673584124
673786214
674547119
675685016
675799536
676244002
67834819
678500377
679040078
679274766
6793080
680577222
680947968
681579622
682607370
682820756
682995088
683480711
683815912
683914181
684124483
684770834
686270057
686640408
687132833
687924419
687931116
688425298
689361803
689590020
690145636
690586707
690799726
691663395
693367816
693727513
69487368
695545389
695570016
697077596
69781387
697822382
69821690
698381716
698869170
70033225
701455556
701593479
701605551
704046008
704718872
705096395
705120752
705192681
7052933
705318098
705389381
705597200
705797403
705854552
707033358
707206975
707215059
707444030
7076435
707797465
707897513
708073090
709187870
711493680
712103258
712256535
712858780
713372876
71433314
714725393
714963060
715346809
715814026
716681841
71690295
717188630
717881436
717906218
718265511
718297899
719141221
719825431
719956769
719970911
720973005
721082277
72275430
722954000
723147080
723452262
724337529
724466359
724597823
725186033
725394233
725570242
726583984
72786988
728539740
728729140
729378868
730129958
730409717
730790828
730898897
730962330
732002033
732219238
732443301
733881863
73464960
734816476
736156611
736410366
737057722
737102570
737256381
737489076
738438239
740190609
74108940
74112140
741239315
741674199
741875464
74191682
742396932
743337234
743543856
74394650
744007766
744102225
744613259
744696210
745781653
746761192
747295068
747455006
747898038
748221412
749213582
750272632
750890279
751527106
751537078
751611126
751674803
751872392
752331119
752407744
752500180
752520020
753082642
753243761
753349981
753621059
755397867
75547624
755837686
755866684
756007020
756727790
757109363
75748685
757579317
7579716
758315468
758675362
759140144
759536676
759845491
760748157
760788456
760901038
761327018
761386892
761953759
762149757
762474055
76257890
763930287
763966287
763990450
764539670
76503558
766057913
768007677
768135968
769541494
770091566
770131511
771851289
772263812
772563928
772947160
773298838
773381387
776847564
776928414
777522708
778632865
779085203
779298808
779326799
779689593
780017538
780449558
780504974
780863578
781142147
781737770
781912593
781944284
782153339
782235241
782898908
783205241
783226547
78322873
7839000
78498055
786499677
786684225
788247497
78924136
7894076
789602916
790216785
790925649
790956296
791085785
791312909
792855370
792991596
793472231
793724473
793926200
794214832
794631300
795435982
795448212
795860003
796231728
79760890
79878793
799475339
799564362
799686762
800331491
800524019
800662595
801692719
801815387
80197033
802252646
802471370
803117075
80365974
804654711
805300944
805470012
805709508
806576612
806987578
807375998
809031848
809334814
810241597
810368268
811591854
812007479
812052209
812372339
812642
813209571
813704925
815431150
815959205
816195121
817758733
817765204
817819881
818559179
818602776
818632066
81873283
819001036
819064115
81920469
819747912
820884828
821870114
821995386
822232927
822352949
822358614
822756125
823394226
823746309
824039297
824635060
824660073
824814119
825078070
826451257
82670014
826806371
827171341
827587297
827696822
827800042
827996419
828078433
828191700
828229706
828733050
83092057
831759919
832042110
832200032
832337739
834048332
834104034
834358880
834588051
834802249
835462680
835739135
835773569
836882840
836900030
836914400
837528484
838219115
838454256
839127167
839348386
839733470
840570667
8407113
841454383
842099665
842355532
843419306
843907104
844335941
844430708
844535426
844551248
844710611
845251711
845457566
845665585
84661648
846665747
846716154
846883150
847315477
847555631
847969909
848323450
849002207
849760870
850107290
850688587
851241627
851313607
851373404
851838503
852511343
852930698
853721418
855076685
857784049
858070326
858650185
858828911
859455372
859605460
859632260
860478002
860625255
860952467
8625215
86277561
862950175
863381527
864337864
865165840
865186112
865368766
865377334
865839324
865968031
866004168
866328672
866989057
867745430
869169108
869566265
870651602
871117799
871136594
872901453
872963231
874138586
874470323
874874553
875345696
875448145
875833955
876031138
876200694
877813189
878745277
878810434
880553759
881066574
881184346
881806851
885284915
885646441
885661081
886111096
886759596
887412484
887437687
888371524
888474400
888485112
888732224
888921999
889328202
889470581
889745611
889851838
890167900
890508787
890556769
89085462
891088959
892280164
893466483
893478577
894000547
89435296
894407683
89454051
894572138
894627328
895788661
896865419
898017314
898112962
898898125
899070311
900104141
901328355
901751127
9026889
90292659
903499876
90385694
903863545
905011724
905359166
906170198
906564467
906969681
907006406
907058294
907175310
908221581
908555053
908795556
910007027
91022471
910475819
912431142
913043809
913482129
91662553
917849080
917990271
918745828
919055180
919349137
919376289
919919887
920028280
920567918
920676557
920829009
921370947
921700878
922073816
922408531
922975378
923327572
924060014
924209700
924339560
924449932
926865547
927125214
927167177
927835118
928158037
928706697
928969904
92948956
929640463
929753603
93132749
931903445
932670700
932891958
933303783
933461825
933706560
933999623
934075065
934545238
934608500
934702572
935365573
93551799
936852538
936897050
937181399
937501103
939618882
940208439
941053121
941664443
941915557
942241251
9427820
943293472
943342898
944395058
945016496
945192083
945801951
946048093
946325720
946448357
946734032
948042512
948183019
949263582
950601919
950927938
951213139
952229792
953329549
953715716
953817084
95411648
95443691
954481230
95456285
956722396
957059029
957241175
957360518
958267027
958321155
959349721
959443856
95945759
959599277
959895138
960347826
960823983
960846952
961451265
962283301
962472291
964142810
964325523
964384005
965288050
965438224
965480284
965603744
965631922
96603426
966234481
966434267
96648757
966792519
96682298
967423503
96756624
967737536
968488410
968574132
968624968
968678471
968989458
970473120
970951289
971524942
971755559
972134963
972705733
973313355
974253034
974616894
975018402
97571131
976098356
97618048
976566892
976654980
977050821
977059755
97712244
977312694
977416592
977834740
977967065
978035763
978246523
978340660
979057358
979643168
979643471
980294797
980680056
980778929
980933555
981281463
981418756
981828771
981932595
982322513
982436969
982607995
983532099
984383896
984528866
984783747
984933324
985014788
985446996
985705159
985895900
986302222
986663243
986928833
987840411
988353939
988531131
98856319
988823897
989077166
989161448
98965949
989966884
991033351
991113311
992153170
994298450
99440635
995252839
995279384
996662258
997045152
998273844
999208031
999661594
999786770
999834919
110760267
1114177
120362461
122685571
139942980
142746686
144761458
148498863
151625248
155899249
156015614
157015288
159452099
164253806
171426218
17233214
172582030
173161232
173407235
178753872
180898497
182629044
183722179
186109680
191689803
197655914
203431317
206056195
20680512
210362831
213112828
22258014
223942083
224126482
233270559
234080100
237000604
237292929
246250856
249898423
260071917
269404833
269610363
272903145
275225843
276151169
277764074
27788526
279278871
