116638441
132574586
13723837
145480909
163460027
167266783
171211446
194261750
207054786
213363220
213666661
217434189
242223291
245165641
251162124
251345525
254767576
258542077
268752183
268945698
286663335
298748687
305289808
329827091
332924804
341406328
356869147
360442549
365272143
369187918
369911922
376762398
389723644
394640026
397943176
412803721
413822515
417642320
419848252
43232842
459441022
462882352
475408357
478609895
482818690
487936697
492230683
494268191
49670915
500881716
508119167
514650855
523972092
56186826
562884905
566452503
573790619
575700326
59129682
602043067
602907263
608266017
609718964
610125154
611555901
61277258
617411346
630041973
635234889
645492311
650314669
653482765
654928758
666748967
671847780
693832390
747617120
748350581
749353846
769982623
772453244
804237703
82415060
835495080
844543268
855796913
872354451
873220482
874709390
886639138
904355602
921818385
923718958
930420092
941491952
946889627
961109342
975271262
980807638
988859381
989293893
