102291216
117015794
136749663
138596725
163258671
166257537
171009059
174542924
177401729
180813008
186701077
189132099
19454995
202186429
209598103
214219413
22229627
225085036
22531328
227547597
229830492
247592930
271587620
274120583
279220752
281349693
284200626
299828405
303340734
31479367
323971427
340284752
341116795
34487471
345313085
365167750
366684739
380737450
381488317
385403405
389533254
392304549
409488345
414267073
416384490
422078605
426325810
430991436
448840188
474091172
47939632
488048582
490712050
500152958
505378742
506923797
513895205
516706794
521647204
526704959
55237942
554041558
584887150
6036369
613003712
635880815
638462680
640225356
643855649
644650595
645184439
656993687
661443208
709710356
745644161
749460154
751976184
759435771
764392270
773878230
774041628
779103466
784716616
800811803
807796604
810623978
813128763
817196794
834275925
835025700
844755909
844844493
847440887
851216161
851229442
876195797
881363717
894201358
897063320
903983060
908776796
912750761
917922172
923342999
927634179
963358692
97613677
976294670
977483244
980281864
994713036
996783393
