120425072
12288381
131555163
154637268
169382141
171429968
171463464
172891950
176685989
192950136
201013914
204915203
211600396
219389560
224114048
227819827
229126047
239672728
243367841
274683979
27478808
276961344
279046649
287003930
298719303
309019992
331650248
340196015
361228504
367121440
375240667
380353794
381609158
38365838
393672489
415575720
421165565
444676623
460664911
461272539
474935023
483862123
493927460
515327013
518156076
518534755
528422711
554028963
566734581
568658381
570475862
574217288
578921995
590385660
591167149
593326815
62065802
627176977
636246988
644356896
653170357
666048765
676485158
682294714
702876394
704555503
713789525
725909414
738214437
746873056
74708995
752975481
763380886
775452090
782019964
78483828
785965218
786409365
797621723
804933739
816760784
830765003
836368271
840177002
842975204
855807680
858393812
864096781
90539019
910314289
916367302
921163937
924860305
94071870
948664415
975520543
976656028
98087436
990077879
992975230
996521502
